50.5
50.5
50.5
50.5
50.5
50.5
50.5
50.5
50.5
50.5
50.5
50.5
50.5
50.5
50.5
50.5
50.5
50.5
50.5
50.5
50.5
50.5
50.5
50.5
50.5
50.5
50.5
50.5
50.5
50.5
50.5
50.5
50.5
50.5
50.5
50.5
50.5
50.5
50.5
50.5
50.5
50.5
50.5
50.5
50.5
50.5
50.5
50.5
50.5
50.5
50.5
50.5
50.5
50.5
50.5
50.5
50.5
50.5
50.5
50.5
50.5
50.5
50.5
50.5
50.5
50.5
50.5
50.5
50.5
50.5
50.5
50.5
50.5
50.5
50.5
50.5
50.5
50.5
50.5
50.5
50.5
50.5
50.5
50.5
50.5
50.5
50.5
50.5
50.5
50.5
50.5
50.5
50.5
50.5
50.5
50.5
50.5
50.5
50.5
50.5
50.5
47.5
44.53
41.59
38.68
35.8
32.95
30.13
27.34
24.58
21.85
19.15
16.48
13.84
11.23
8.64999
6.10001
3.58
1.09
1.37
3.8
6.2
8.57001
10.91
13.22
15.5
17.75
19.97
22.16
24.32
26.45
28.55
30.62
32.66
34.67
36.65
38.6
40.52
42.41
44.27
46.1
47.9
49.67
51.41
53.12
54.8
56.45
58.07
59.66
61.22
62.75
64.25
65.72
67.16
68.57
69.95
71.3
72.62
73.91
75.17
76.4
77.6
78.77
79.91
81.02
82.1
83.15
84.17
85.16
86.12
87.05
87.95
88.82
89.66
90.47
91.25
92
92.72
93.41
94.07
94.7
95.3
95.87
96.41
96.92
97.4
97.85
98.27
98.66
99.02
99.35
99.65
99.92
100.16
100.37
100.55
100.7
100.82
100.91
100.97
101
98
95.03
92.09
89.18
86.3
83.45
80.63
77.84
75.08
72.35
69.65
66.98
64.34
61.73
59.15
56.6
54.08
51.59
49.13
46.7
44.3
41.93
39.59
37.28
35
32.75
30.53
28.34
26.18
24.05
21.95
19.88
17.84
15.83
13.85
11.9
9.98
8.09
6.23
4.4
2.6
0.830002
0.910004
2.62
4.3
5.95
7.57
9.16
10.72
12.25
13.75
15.22
16.66
18.07
19.45
20.8
22.12
23.41
24.67
25.9
27.1
28.27
29.41
30.52
31.6
32.65
33.67
34.66
35.62
36.55
37.45
38.32
39.16
39.97
40.75
41.5
42.22
42.91
43.57
44.2
44.8
45.37
45.91
46.42
46.9
47.35
47.77
48.16
48.52
48.85
49.15
49.42
49.66
49.87
50.05
50.2
50.32
50.41
50.47
50.5
50.5
50.5
50.5
50.5
50.5
50.5
50.5
50.5
50.5
50.5
50.5
50.5
50.5
50.5
50.5
50.5
50.5
50.5
50.5
50.5
50.5
50.5
50.5
50.5
50.5
