18.986
18.722
19.11
18.944
18.968
18.992
18.81
19.074
19.022
18.904
18.928
18.734
19.056
19.026
18.868
18.814
18.808
18.996
19.038
18.832
18.944
18.922
19.016
19.004
18.734
19.098
18.974
18.95
18.95
18.746
19.038
18.974
18.904
18.91
18.768
19.092
19.062
18.82
18.826
18.786
19.032
19.004
18.806
18.976
18.952
18.958
19.022
18.758
19.08
18.956
18.938
18.938
18.75
19.026
18.992
18.88
18.886
18.762
19.096
19.06
18.86
18.83
18.802
18.944
18.938
18.698
18.944
18.862
18.938
18.956
18.686
18.992
18.916
18.898
18.898
18.712
19.064
19.01
18.87
18.882
18.822
19.044
19.026
18.778
18.802
18.738
18.908
18.914
18.722
18.968
18.932
18.986
18.992
18.734
19.056
18.928
18.886
18.898
18.75
19.108
19.078
18.92
18.932
18.804
19.05
19.016
18.792
18.804
18.81
18.886
18.938
18.74
19.01
18.938
19.004
18.974
18.698
19.032
18.91
18.874
18.916
18.758
19.134
19.058
18.882
18.876
18.81
18.99
19.03
18.784
18.83
18.796
18.938
18.916
18.728
19.028
18.916
18.904
18.932
18.644
18.99
18.908
18.844
18.85
18.686
18.99
18.99
18.79
18.808
18.744
18.998
18.968
18.792
18.856
18.862
18.926
18.938
18.622
19.038
18.874
18.88
18.904
18.728
19.022
18.974
18.826
18.838
18.684
19.012
18.994
18.784
18.754
18.708
18.89
18.914
18.696
18.926
18.88
18.916
18.916
18.652
18.962
18.878
18.854
18.89
18.714
19.096
19.014
18.886
18.88
18.798
19.008
19.014
18.75
18.768
18.734
18.934
18.952
18.764
19.056
18.986
18.992
18.998
18.71
19.034
18.916
18.904
18.91
18.758
19.08
19.022
18.804
18.81
18.716
18.922
18.944
18.78
18.804
18.804
18.932
18.938
18.68
19.044
18.908
18.938
18.932
18.68
19.008
18.95
18.838
18.868
18.674
19.02
19.002
18.826
18.82
18.804
18.98
19.004
18.752
18.876
18.828
18.91
18.892
18.664
19.01
18.894
18.888
18.918
18.664
19.004
18.938
18.792
18.762
18.67
18.992
18.986
18.744
18.756
18.702
18.878
18.89
18.68
18.974
18.916
18.934
18.964
18.676
19.028
18.892
18.822
18.81
18.652
19.014
19.002
18.814
18.802
18.696
18.926
18.932
18.732
18.756
18.798
18.874
18.88
18.598
19.038
18.856
18.874
18.892
18.664
18.934
18.91
18.786
18.798
18.652
19.02
18.968
18.752
18.74
18.722
18.87
18.87
18.618
18.836
18.76
18.824
18.828
18.58
18.92
18.838
18.814
18.838
18.61
18.944
18.878
18.744
18.756
18.692
18.944
18.962
18.71
18.74
18.722
18.88
18.846
18.606
18.91
18.81
18.816
18.838
18.58
18.956
18.844
18.774
18.768
18.62
18.954
18.944
18.692
18.716
18.622
18.822
18.838
18.68
18.826
18.792
18.856
18.862
18.538
18.926
18.79
18.784
18.772
18.544
18.914
18.896
18.714
18.744
18.638
18.902
18.874
18.64
18.64
18.67
18.774
18.796
18.562
18.932
18.814
18.832
18.832
18.544
18.854
18.766
18.69
18.708
18.55
18.902
18.82
18.592
18.598
18.538
18.732
18.802
18.566
18.73
18.672
18.742
18.72
18.456
18.832
18.768
18.75
18.802
18.592
19.014
18.92
18.738
18.702
18.632
18.826
18.844
18.61
18.664
18.616
18.756
18.732
18.532
18.842
18.748
18.76
18.8
18.484
18.86
18.75
18.628
18.6
18.482
18.816
18.826
18.602
18.672
18.614
18.814
18.786
18.534
18.734
18.664
18.728
18.734
18.452
18.844
18.726
18.708
18.736
18.554
18.888
18.848
18.59
18.584
18.52
18.778
18.778
18.58
18.646
18.652
18.73
18.752
18.428
18.856
18.662
18.684
18.684
18.496
18.8
18.736
18.566
18.566
18.414
18.732
18.738
18.51
18.516
18.498
18.638
18.678
18.454
18.754
18.632
18.714
18.686
18.394
18.776
18.706
18.594
18.612
18.418
18.786
18.726
18.522
18.498
18.452
18.658
18.7
18.442
18.682
18.616
18.692
18.686
18.386
18.75
18.628
18.564
18.588
18.394
18.828
18.816
18.646
18.634
18.524
18.706
18.676
18.406
18.488
18.482
18.588
18.588
18.318
18.698
18.568
18.55
18.598
18.322
18.686
18.592
18.468
18.432
18.32
18.608
18.638
18.38
18.41
18.394
18.6
18.612
18.372
18.718
18.618
18.6
18.6
18.306
18.67
18.588
18.506
18.512
18.39
18.74
18.71
18.458
18.47
18.406
18.612
18.6
18.388
18.658
18.57
18.606
18.648
18.32
18.706
18.606
18.576
18.54
18.346
18.716
18.668
18.422
18.464
18.37
18.58
18.562
18.286
18.462
18.468
18.534
18.576
18.288
18.68
18.504
18.486
18.486
18.31
18.71
18.71
18.458
18.482
18.36
18.612
18.572
18.36
18.46
18.43
18.494
18.528
18.182
18.616
18.47
18.488
18.482
18.3
18.652
18.616
18.38
18.41
18.27
18.562
18.544
18.352
18.386
18.398
18.48
18.51
18.204
18.592
18.404
18.452
18.418
18.166
18.548
18.524
18.354
18.4
18.26
18.616
18.582
18.318
18.336
18.312
18.43
18.464
18.164
18.556
18.45
18.48
18.462
18.222
18.534
18.418
18.306
18.336
18.194
18.574
18.574
18.304
18.28
18.228
18.376
18.392
18.116
18.45
18.338
18.378
18.384
18.098
18.498
18.422
18.322
18.31
18.14
18.474
18.41
18.176
18.17
18.092
18.31
18.346
18.076
18.364
18.276
18.292
18.25
17.962
18.32
18.21
18.116
18.158
17.936
18.324
18.27
18.066
18.03
17.978
18.148
18.154
17.842
18.064
17.946
17.992
17.98
17.664
17.988
17.842
17.76
17.708
17.432
17.778
17.648
17.344
17.274
17.098
17.214
17.132
16.75
16.756
16.604
16.582
16.464
16.042
16.282
16.024
15.86
15.708
15.326
15.554
15.296
14.926
14.762
14.504
14.604
14.452
13.994
13.876
13.654
13.614
13.45
13.016
13.228
12.958
12.794
12.646
12.248
12.382
12.1
11.824
11.63
11.318
11.472
11.29
10.88
10.746
10.542
10.57
10.418
10.042
10.018
9.794
9.672
9.514
9.062
9.25
8.974
8.786
8.65
8.316
8.404
8.206
7.936
7.778
7.502
7.672
7.484
7.184
7.014
6.826
6.862
6.756
6.388
6.418
6.324
6.258
6.128
5.788
5.934
5.694
5.56
5.49
5.166
5.406
5.212
5.1
4.96
4.768
4.938
4.816
4.53
4.476
4.3
4.442
4.36
4.084
4.032
3.932
3.902
3.866
3.584
3.79
3.66
3.666
3.578
3.32
3.566
3.414
3.356
3.316
3.076
3.292
3.21
3.074
3.074
2.992
3.24
3.246
3.03
3.03
2.948
3.124
3.124
2.96
3
3.052
3.092
3.086
2.92
3.266
3.138
3.19
3.224
2.972
3.248
3.2
3.154
3.154
3.008
3.306
3.236
3.096
3.086
3.034
3.264
3.31
3.168
3.232
3.202
3.348
3.342
3.184
3.23
3.23
3.272
3.314
3.08
3.438
3.344
3.42
3.408
3.256
3.538
3.468
3.414
3.462
3.308
3.648
3.636
3.484
3.466
3.42
3.59
3.59
3.414
3.432
3.35
3.508
3.514
3.362
3.532
3.578
3.608
3.638
3.414
3.76
3.614
3.666
3.648
3.49
3.754
3.736
3.66
3.706
3.56
3.858
3.818
3.66
3.69
3.602
3.76
3.77
3.588
3.6
3.618
3.712
3.718
3.578
3.712
3.682
3.764
3.8
3.576
3.876
3.776
3.8
3.764
3.642
3.928
3.876
3.794
3.836
3.682
3.952
3.922
3.798
3.804
3.746
3.888
3.912
3.772
3.79
3.75
3.92
3.908
3.756
3.844
3.844
3.908
3.914
3.744
4.03
3.952
3.97
3.988
3.752
4.022
3.924
3.894
3.928
3.776
4.052
4.052
3.94
3.93
3.896
4.078
4.054
3.89
3.93
3.83
4.036
4.06
3.914
3.944
3.978
4.03
4.04
3.864
4.14
4.094
4.13
4.126
3.944
4.196
4.136
4.118
4.17
3.97
4.186
4.116
4.022
4.028
3.964
4.252
4.252
4.122
4.128
4.082
4.27
4.252
4.076
4.052
4.046
4.098
4.134
3.988
4.234
4.158
4.228
4.21
4.034
4.252
4.204
4.188
4.212
4.036
4.34
4.264
4.246
4.27
4.142
4.394
4.376
4.24
4.246
4.18
4.328
4.31
4.17
4.176
4.148
4.252
4.312
4.148
4.2
4.206
4.306
4.264
4.094
4.352
4.286
4.322
4.352
4.122
4.422
4.318
4.282
4.27
4.182
4.352
4.352
4.264
4.328
4.212
4.482
4.428
4.324
4.296
4.29
4.418
4.436
4.276
4.334
4.298
4.428
4.41
4.288
4.376
4.388
4.446
4.516
4.304
4.574
4.428
4.452
4.436
4.272
4.512
4.446
4.41
4.426
4.286
4.51
4.482
4.388
4.4
4.33
4.558
4.57
4.394
4.418
4.376
4.546
4.528
4.406
4.382
4.37
4.434
4.452
4.264
4.522
4.47
4.524
4.53
4.366
4.63
4.56
4.548
4.57
4.4
4.63
4.558
4.552
4.57
4.446
4.704
4.704
4.552
4.57
4.528
4.68
4.652
4.522
4.522
4.494
4.634
4.662
4.498
4.568
4.568
4.628
4.634
4.47
4.7
4.63
4.652
4.694
4.464
4.744
4.656
4.65
4.644
4.546
4.716
4.71
4.628
4.628
4.492
4.792
4.738
4.598
4.628
4.634
4.756
4.75
4.61
4.62
4.568
4.674
4.68
4.544
4.58
4.602
4.662
4.68
4.504
4.798
4.682
4.722
4.728
4.564
4.804
4.762
4.732
4.762
4.58
4.796
4.732
4.65
4.638
4.608
4.85
4.868
4.704
4.732
4.668
4.854
4.8
4.66
4.678
4.66
4.738
4.798
4.646
4.8
4.772
4.818
4.812
4.618
4.904
4.81
4.828
4.862
4.68
4.91
4.85
4.82
4.798
4.716
4.984
4.956
4.816
4.832
4.756
