27.33
20.73
22.38
26.01
20.65
26.36
20.76
21.91
26.80
20.76
25.10
21.20
21.91
27.54
20.65
24.25
22.64
21.35
27.60
20.82
22.90
24.55
20.94
27.18
20.79
22.02
25.98
20.88
26.13
20.88
21.70
27.04
20.73
25.22
21.06
21.94
27.30
20.76
23.49
22.99
20.97
27.45
20.88
22.70
24.43
20.88
26.74
20.76
21.96
26.22
20.62
25.95
20.79
21.79
27.04
20.62
24.75
21.76
21.47
27.39
20.70
23.37
23.23
21.00
27.16
20.79
22.20
25.22
20.50
26.42
20.62
21.96
26.42
20.73
25.28
20.73
21.58
27.18
20.65
24.19
22.05
21.29
27.27
20.65
22.84
24.08
20.82
27.07
20.85
22.05
25.69
20.62
25.87
20.79
21.61
26.66
20.56
24.96
20.85
21.88
27.13
20.65
23.78
22.76
20.94
27.33
20.47
22.52
24.16
20.67
26.69
20.62
21.91
26.01
20.32
25.84
20.50
21.61
26.95
20.44
24.66
21.47
21.38
27.36
20.50
23.23
23.28
20.65
27.01
20.73
22.14
24.99
20.38
26.39
20.65
21.70
26.30
20.50
25.16
20.67
21.44
27.10
20.44
24.16
21.85
21.20
27.10
20.65
22.67
23.78
20.47
26.98
20.53
22.02
25.66
20.35
25.81
20.59
21.50
26.51
20.35
24.78
20.70
21.67
26.95
20.44
23.37
22.64
20.82
27.04
20.53
22.40
24.19
20.41
26.42
20.41
21.55
25.84
20.18
25.54
20.59
21.52
26.77
20.38
24.25
21.50
21.00
26.95
20.35
23.05
23.23
20.50
26.77
20.50
21.85
25.22
20.26
26.07
20.50
21.64
26.22
20.35
25.07
20.62
21.35
26.98
20.29
23.90
21.96
21.00
26.92
20.38
22.46
23.70
20.26
26.80
20.44
21.61
25.34
20.35
25.63
20.41
21.17
26.51
20.32
24.49
20.85
21.38
26.89
20.41
23.14
22.93
20.62
26.83
20.29
22.05
24.28
20.35
25.98
20.23
21.26
26.16
20.03
25.04
20.23
21.14
26.60
20.32
23.78
21.64
20.82
26.86
20.12
22.55
23.49
20.38
26.39
20.23
21.50
25.13
20.18
25.69
20.12
21.35
26.42
20.18
24.40
20.56
21.11
26.86
20.23
23.08
22.49
20.59
26.77
20.21
21.96
24.05
20.21
26.01
20.21
21.55
25.78
20.09
24.87
20.21
21.23
26.54
20.15
23.78
21.64
20.76
26.86
20.12
22.35
23.58
20.00
26.54
20.15
21.70
25.22
20.15
25.31
20.38
21.09
26.36
20.00
24.37
20.56
21.20
26.60
20.12
22.87
22.61
20.32
26.77
20.06
21.79
24.22
20.09
25.95
20.23
21.17
25.92
19.82
24.93
20.03
21.23
26.42
20.09
23.61
21.82
20.67
26.69
20.15
22.20
23.58
20.06
26.45
20.12
21.17
25.13
19.74
25.40
20.15
21.00
26.22
19.94
24.31
20.62
20.94
26.80
20.06
22.67
22.52
20.41
26.54
20.03
21.67
24.11
20.03
25.89
20.18
21.23
25.57
19.88
24.60
20.18
21.00
26.69
19.82
23.55
21.55
20.67
26.42
20.00
22.32
23.49
20.18
26.36
20.03
21.23
25.13
19.91
25.13
20.09
20.76
26.16
19.91
24.19
20.70
21.06
26.42
20.00
22.70
22.55
20.32
26.74
19.97
21.82
24.16
19.91
25.78
20.18
20.94
25.63
19.68
24.72
20.00
21.00
26.28
19.88
23.43
21.79
20.53
26.74
19.82
22.11
23.23
19.97
26.22
20.00
21.06
25.22
20.03
25.22
19.97
20.88
25.92
19.71
23.84
20.50
20.82
26.54
19.77
22.52
22.43
20.21
26.48
19.94
21.61
24.37
19.85
25.78
19.91
21.06
25.48
19.82
24.60
19.91
20.79
26.36
19.71
23.08
21.61
20.29
26.33
19.91
22.02
23.34
19.56
26.01
19.71
21.06
24.99
19.68
24.96
19.91
20.85
26.07
19.85
23.75
20.65
20.59
26.28
19.85
22.17
22.87
19.97
26.51
19.91
21.26
24.63
19.62
25.25
19.91
20.73
25.87
19.53
24.43
19.91
20.79
26.16
19.68
22.79
21.88
20.15
26.36
19.79
21.76
23.64
19.79
25.60
19.85
20.97
25.37
19.62
24.78
19.97
20.76
26.22
19.71
23.46
21.44
20.38
26.54
19.74
22.11
22.99
19.97
26.22
19.82
21.03
24.75
19.53
25.19
19.88
20.67
25.84
19.62
23.93
20.26
20.62
26.45
19.56
22.55
22.38
19.91
26.45
19.79
21.26
24.05
19.44
25.63
19.82
20.70
25.45
19.71
24.25
19.94
20.82
26.30
19.56
23.14
21.41
20.41
26.30
19.79
21.70
23.43
19.62
26.04
19.68
21.17
24.90
19.44
24.81
19.85
20.56
26.07
19.50
23.52
20.56
20.65
26.10
19.65
22.17
22.58
19.79
26.28
19.68
21.06
24.52
19.68
25.22
19.88
20.76
25.51
19.35
24.25
19.71
20.73
26.04
19.71
22.49
21.91
19.88
26.33
19.74
21.50
23.28
19.68
25.51
19.62
20.85
25.13
19.27
24.69
19.59
20.56
26.13
19.50
23.26
21.17
20.21
26.25
19.56
21.99
22.64
19.71
26.16
19.74
21.06
24.49
19.50
25.13
19.62
20.65
25.60
19.50
23.99
19.88
20.53
26.04
19.47
22.46
21.73
20.00
25.98
19.79
21.52
23.20
19.38
25.66
19.56
20.76
24.90
19.50
24.46
19.74
20.41
25.98
19.53
23.43
20.76
20.35
26.10
19.38
21.91
22.73
19.47
26.19
19.33
20.97
24.37
19.41
25.04
19.62
20.62
25.51
19.33
23.84
19.77
20.59
25.98
19.47
22.32
21.82
19.68
26.04
19.50
21.29
23.49
19.44
25.34
19.53
20.70
25.31
19.38
24.28
19.50
20.65
25.81
19.50
22.93
20.97
19.82
25.98
19.56
21.76
22.87
19.68
25.57
19.56
20.76
24.72
19.38
24.78
19.41
20.35
25.72
19.35
23.43
20.09
20.26
26.04
19.44
22.02
22.11
19.53
26.13
19.53
21.06
23.99
19.33
25.16
19.38
20.56
25.28
19.38
24.05
19.62
20.44
25.95
19.30
22.84
21.38
19.82
25.92
19.44
21.44
23.17
19.47
25.57
19.27
20.50
24.87
19.33
24.46
19.53
20.23
25.92
19.24
23.17
20.62
20.15
26.07
19.50
21.61
22.40
19.53
25.92
19.47
20.85
24.49
19.24
24.63
19.44
20.15
25.63
19.21
23.72
19.74
20.32
25.98
19.33
21.99
21.85
19.53
26.01
19.38
21.06
23.72
19.35
25.07
19.53
20.41
25.25
19.24
23.99
19.44
20.26
25.63
19.24
22.52
21.26
19.65
25.98
19.18
21.29
22.87
19.27
25.48
19.47
20.56
24.72
19.06
24.25
19.44
20.35
25.57
19.27
23.02
20.76
19.88
26.07
19.18
21.64
22.43
19.24
25.60
19.30
20.41
24.34
19.18
24.57
19.41
20.38
25.43
19.33
23.40
19.71
20.00
25.81
19.06
22.05
21.73
19.56
25.81
19.18
20.88
23.72
19.21
25.07
19.27
20.23
25.01
18.97
23.87
19.41
20.09
25.78
19.09
22.79
21.03
19.79
25.72
18.97
21.09
22.70
19.18
25.34
19.33
20.29
24.49
18.83
24.22
19.18
20.12
25.54
19.09
23.05
20.21
19.94
25.92
19.18
21.50
22.32
19.09
25.57
19.09
20.50
24.02
19.15
24.55
19.33
20.00
25.40
19.03
23.37
19.65
19.97
25.69
19.15
21.88
21.73
19.15
25.69
19.09
20.62
23.70
19.06
24.75
19.03
20.21
25.01
18.89
23.64
19.15
19.97
25.54
19.03
22.14
21.23
19.30
25.60
18.89
20.79
22.79
19.03
25.04
19.09
20.15
24.57
18.59
23.70
18.89
19.77
25.22
18.68
22.23
20.12
19.21
25.31
18.33
20.79
21.73
18.27
24.52
18.48
19.47
23.23
17.83
23.34
17.98
18.94
24.08
17.65
21.47
18.27
18.15
23.87
17.24
19.71
19.71
16.98
23.43
16.60
17.95
21.17
16.22
21.70
16.13
16.95
21.91
15.60
19.91
15.75
16.19
21.79
15.01
17.89
16.92
14.78
21.06
14.19
15.51
18.18
13.64
19.53
13.23
14.22
18.62
12.70
17.27
12.40
12.96
18.65
11.67
15.07
13.08
11.70
17.71
10.79
12.58
14.13
10.15
15.95
9.62
10.82
14.49
8.97
13.87
8.56
9.24
14.52
8.01
11.94
8.30
8.39
13.84
7.04
9.68
8.86
6.66
12.99
6.07
7.65
9.24
5.34
11.20
5.13
6.04
9.77
4.16
9.53
3.96
4.87
9.97
3.31
7.65
3.43
4.11
9.77
2.79
6.28
4.57
3.34
9.41
2.49
4.90
5.54
2.52
8.91
2.35
3.84
6.74
2.14
8.24
2.26
3.20
8.04
1.73
7.18
2.29
3.05
8.48
2.02
6.30
2.79
2.90
8.83
2.11
5.31
4.25
2.35
8.91
2.29
4.19
5.78
2.02
8.68
2.14
3.49
7.21
2.11
7.74
2.29
3.17
8.30
1.82
7.01
2.23
3.17
8.68
2.20
6.07
3.49
2.93
9.06
2.11
4.81
4.96
2.46
9.09
2.32
4.11
6.33
2.11
8.45
2.35
3.43
7.60
2.26
7.74
2.38
3.31
8.83
2.11
6.89
2.40
3.49
8.94
2.40
5.87
4.28
2.76
9.27
2.32
4.81
5.51
2.49
9.06
2.61
3.99
7.10
2.23
8.53
2.46
3.84
8.04
2.26
7.74
2.67
3.37
8.86
2.46
6.77
3.05
3.61
9.27
2.55
5.63
4.69
3.05
9.38
2.61
4.60
6.07
2.58
9.18
2.49
4.05
7.45
2.40
8.30
2.64
3.72
8.50
2.35
7.68
2.82
3.58
9.09
2.35
6.80
3.40
3.49
9.33
2.70
5.78
4.81
2.84
9.50
2.61
4.72
6.33
2.46
9.21
2.79
4.02
7.77
2.35
8.42
2.73
3.96
8.80
2.46
7.60
2.82
3.81
9.27
2.73
6.77
3.67
3.46
9.56
2.96
5.45
5.31
3.11
9.50
2.73
4.63
6.54
2.84
9.06
2.79
4.13
8.01
2.52
8.42
2.82
3.75
8.94
2.52
7.42
3.08
3.87
9.27
2.73
6.63
4.11
3.58
9.59
2.90
5.51
5.37
2.99
9.77
2.82
4.63
6.63
2.84
9.09
2.90
4.11
8.18
2.76
8.48
3.02
3.84
8.91
2.61
7.51
3.08
3.78
9.41
2.90
6.89
4.34
3.52
9.65
2.84
5.69
5.45
3.28
9.59
2.84
4.75
6.74
2.90
9.18
2.96
4.25
8.24
2.70
8.62
3.08
3.81
9.00
2.82
7.62
3.14
3.90
9.41
2.93
7.04
4.05
3.84
9.77
2.82
5.69
5.63
3.28
9.59
2.82
4.84
6.86
3.05
9.24
3.14
4.34
8.18
2.84
8.68
3.23
3.93
9.21
2.90
7.77
3.31
3.93
9.53
2.99
6.92
4.28
3.58
9.77
2.87
5.66
5.63
3.28
9.82
3.02
4.99
6.74
2.99
9.41
3.08
4.28
8.27
2.82
8.56
3.26
4.19
9.18
2.79
7.80
3.31
3.90
9.44
2.93
6.83
4.11
3.84
9.88
3.11
5.72
5.69
3.43
9.91
3.20
5.13
6.69
2.99
9.33
2.96
4.34
8.45
3.05
8.89
3.23
4.22
9.12
2.90
7.80
3.46
4.11
9.59
2.96
7.16
4.19
4.08
10.00
3.26
6.01
5.78
3.61
10.09
3.23
5.01
6.77
3.08
9.62
3.11
4.60
8.53
2.87
8.62
3.28
4.40
9.24
3.08
7.92
3.31
4.25
9.91
2.93
7.07
4.28
3.99
9.94
3.14
6.07
5.60
3.26
9.88
3.14
5.19
6.98
3.14
9.53
3.05
4.49
8.24
3.08
8.80
3.46
4.49
9.35
3.17
7.98
3.40
4.13
9.85
3.08
7.33
4.37
3.81
10.03
3.37
5.95
5.81
3.52
10.00
3.08
5.13
6.98
3.26
9.62
3.40
4.46
8.56
3.17
8.97
3.43
4.49
9.41
3.23
8.09
3.61
4.22
9.85
3.11
7.24
4.25
4.05
10.00
3.34
5.95
5.84
3.43
9.94
3.08
5.16
6.95
3.28
9.79
3.58
4.63
8.48
3.17
9.03
3.43
4.49
9.21
2.99
8.15
3.46
4.28
9.79
3.34
7.51
4.22
4.11
9.94
3.28
6.39
5.43
3.61
10.12
3.34
5.25
6.98
3.31
9.91
3.58
4.75
8.59
3.02
9.30
3.55
4.46
9.24
3.34
8.24
3.64
4.16
9.97
3.20
7.36
4.34
4.37
10.09
3.37
6.07
5.84
3.61
10.18
3.40
5.34
7.16
3.40
9.68
3.40
4.69
8.59
3.26
9.09
3.43
4.52
9.33
3.43
8.30
3.46
4.34
9.97
3.26
7.18
4.46
4.31
10.29
3.40
5.98
6.16
3.78
10.29
3.55
5.40
7.04
3.37
9.88
3.43
4.63
8.77
3.20
9.03
3.64
4.43
9.41
3.37
8.24
3.61
4.28
9.97
3.23
7.30
4.31
4.40
10.21
3.55
6.25
6.04
3.90
10.32
3.46
5.57
7.16
3.70
9.88
3.55
4.87
8.65
3.34
9.12
3.67
4.55
9.27
3.37
8.30
3.75
4.60
10.18
3.43
7.68
4.31
4.37
10.18
3.58
6.25
6.07
3.93
10.29
3.58
5.48
7.27
3.46
9.82
3.70
4.81
8.89
3.43
9.33
3.58
4.55
9.62
3.43
8.30
3.81
4.49
10.03
3.55
7.62
4.69
4.25
10.32
3.58
6.22
6.16
3.84
10.41
3.58
5.48
7.48
3.78
9.74
3.72
4.81
8.80
3.58
9.21
3.67
4.90
9.71
3.49
8.27
3.81
4.69
10.12
3.55
7.48
4.93
4.31
10.32
3.55
6.36
6.33
3.99
10.44
3.67
5.54
7.39
3.72
10.12
3.70
4.87
8.91
3.49
9.33
3.75
4.72
9.74
3.34
8.42
3.81
4.66
10.26
3.67
7.62
4.63
4.69
10.26
3.55
6.33
6.13
3.99
10.38
3.64
5.60
7.33
3.90
10.06
3.75
5.01
9.00
3.55
9.44
3.81
4.87
9.56
3.78
8.50
3.99
4.78
10.18
3.64
7.80
4.60
4.52
10.47
3.84
6.42
6.01
3.99
10.59
3.58
5.75
7.48
3.81
10.00
3.90
5.19
8.80
3.67
9.35
3.87
4.69
9.71
3.64
8.45
4.05
4.63
10.15
3.55
7.68
4.84
4.40
10.47
3.61
6.51
6.33
3.87
10.67
3.58
5.63
7.51
3.72
10.12
3.72
5.13
8.97
3.64
9.56
3.72
4.90
9.79
3.46
8.65
3.93
4.81
10.15
3.55
7.83
4.75
4.40
10.47
3.78
6.63
6.19
4.22
10.59
3.90
5.89
7.39
3.87
10.12
3.78
5.25
8.89
3.70
9.53
3.67
5.01
9.68
3.84
8.65
3.96
4.75
10.23
3.78
7.89
4.63
4.46
10.50
3.72
6.80
5.95
4.11
10.70
3.61
6.01
7.42
3.87
10.35
3.78
5.31
8.71
3.70
9.56
4.02
4.96
9.59
3.49
8.71
4.11
4.63
10.23
3.70
8.01
4.49
4.81
10.41
3.84
6.66
6.16
4.05
10.62
3.67
5.89
7.33
3.78
10.35
3.96
5.22
9.00
3.52
9.74
3.87
4.93
9.65
3.72
8.71
3.99
4.93
10.29
3.78
7.80
4.84
4.75
10.50
3.96
6.45
6.16
4.25
10.76
3.84
5.81
7.54
3.87
10.21
3.99
5.07
9.24
3.70
9.53
3.78
4.99
9.74
3.78
8.74
4.08
4.66
10.44
3.84
7.80
4.96
4.57
10.67
3.96
6.72
6.39
4.11
10.67
3.96
5.78
7.65
3.96
10.26
3.90
5.19
9.18
3.55
9.47
4.08
5.13
9.77
3.84
8.65
4.11
4.96
10.21
3.72
7.86
4.90
4.75
10.56
3.90
6.51
6.57
4.02
10.56
3.99
5.63
7.74
3.78
10.06
3.90
4.93
9.21
3.55
9.38
3.93
4.93
9.91
3.78
8.30
4.31
4.96
10.50
3.75
7.60
5.60
4.37
10.62
4.08
6.01
6.98
4.16
10.59
3.96
5.51
8.65
3.84
9.82
3.87
5.07
9.65
3.64
8.89
3.87
4.99
10.41
3.67
8.09
4.63
4.75
10.59
3.96
6.86
6.25
4.28
10.65
4.05
5.81
7.57
3.93
10.23
3.78
5.28
9.06
3.96
9.47
4.11
4.87
9.97
3.78
8.74
4.11
4.93
10.38
3.96
7.45
5.45
4.46
10.76
3.81
6.48
6.83
4.25
10.70
4.02
5.60
8.12
3.67
10.03
3.99
4.99
9.56
3.78
9.06
4.13
4.96
10.38
3.70
8.01
4.55
4.87
10.62
4.08
6.86
6.16
4.28
10.67
3.81
6.01
7.57
3.81
10.15
3.87
5.34
9.06
3.75
9.53
4.02
4.96
9.94
3.72
8.59
4.05
4.93
10.47
3.70
7.48
5.57
4.52
10.65
4.05
6.04
7.33
3.93
10.67
3.99
5.40
8.74
3.78
9.79
3.90
4.99
9.82
3.87
8.77
3.90
4.99
10.35
3.78
7.68
5.16
4.49
10.67
3.99
6.28
7.07
4.08
10.70
3.99
5.63
8.36
3.78
10.06
3.93
5.16
9.74
3.61
9.03
4.08
4.93
10.32
3.70
8.04
4.84
4.78
10.65
3.84
6.69
6.54
4.16
10.59
3.93
5.54
8.01
3.81
10.09
4.02
5.25
9.35
3.90
9.12
4.08
4.81
10.21
3.70
8.24
4.37
4.93
10.62
3.84
7.04
6.16
4.40
10.70
3.75
6.04
7.57
3.99
10.29
3.90
5.22
9.35
3.99
9.21
3.96
4.90
9.97
3.78
8.30
4.31
4.78
10.65
3.93
7.10
5.92
4.43
10.65
3.93
6.13
7.39
3.72
10.26
4.02
5.04
9.24
3.75
9.15
4.05
5.07
10.18
3.84
8.42
4.19
5.07
10.59
3.99
7.18
5.84
4.40
10.67
4.13
5.81
7.42
3.87
10.38
4.02
5.22
9.21
3.67
9.47
4.22
4.99
10.15
3.70
8.33
4.37
4.90
10.73
4.02
7.39
5.84
4.57
10.65
4.02
6.19
7.30
4.08
10.53
4.16
5.43
8.91
3.81
9.44
4.05
5.04
9.97
3.96
8.83
4.25
4.93
10.50
3.84
7.60
5.37
4.66
10.76
3.99
6.42
7.04
4.05
10.70
4.02
5.45
8.53
3.78
9.88
3.99
5.19
9.65
3.75
8.91
4.02
4.81
10.32
3.96
7.95
5.28
4.72
10.65
3.90
6.54
6.86
4.28
10.62
3.99
5.57
8.30
3.93
9.79
3.99
5.19
9.53
3.84
9.09
4.11
4.90
10.50
4.02
8.15
4.72
4.69
10.76
4.19
6.54
6.54
4.19
10.73
4.11
5.57
8.18
3.93
10.15
3.87
5.01
9.62
3.87
8.89
3.96
4.93
10.47
3.84
8.06
5.10
4.87
10.67
3.96
6.60
6.74
4.16
10.65
3.93
5.60
8.24
3.90
9.97
4.08
5.31
9.59
3.70
9.15
3.93
4.96
10.38
3.87
8.04
4.81
4.96
10.65
4.05
6.83
6.39
4.25
10.70
4.05
5.95
7.92
3.96
10.32
3.96
5.37
9.41
3.96
9.30
4.16
4.84
10.18
4.02
8.36
4.55
5.07
10.82
4.08
6.86
6.10
4.31
10.88
3.99
5.84
7.77
4.05
10.35
4.02
5.16
9.30
3.96
9.47
4.13
4.96
10.35
3.84
8.21
4.49
4.90
10.67
4.02
7.13
6.04
4.34
10.65
4.05
6.01
7.77
4.22
10.47
4.19
5.34
9.41
3.75
9.44
3.96
5.04
10.41
4.05
8.39
4.43
5.01
10.85
4.11
7.30
6.13
4.37
10.91
4.25
5.95
7.86
4.16
10.59
4.02
5.28
9.44
4.16
9.47
4.16
5.07
10.32
4.11
8.65
4.22
5.07
10.70
4.19
7.42
6.16
4.49
10.70
4.11
6.42
7.48
4.34
10.56
4.08
5.48
9.35
3.87
9.74
4.22
5.31
9.97
4.02
8.74
4.25
5.10
10.59
3.96
7.74
5.60
4.93
10.70
4.05
6.30
7.30
4.22
10.97
4.16
5.54
9.00
4.11
9.88
4.11
5.22
10.00
3.81
9.03
4.25
5.04
10.73
4.22
7.71
5.45
4.87
11.09
4.05
6.60
7.21
4.25
10.88
4.13
5.69
8.77
4.08
9.94
4.02
5.31
9.85
3.96
8.94
4.40
4.90
10.56
4.13
7.89
5.45
4.93
10.79
4.13
6.45
7.16
4.22
11.00
3.96
5.66
8.77
4.19
9.88
4.19
5.22
10.12
4.05
9.03
4.25
5.13
10.59
4.08
7.89
5.72
4.78
10.82
4.05
6.63
7.27
4.16
10.62
4.08
5.63
8.97
4.02
9.97
4.19
5.22
9.97
4.02
8.89
4.25
5.13
10.67
4.05
7.89
5.51
4.90
10.91
4.16
6.63
7.27
4.34
10.85
3.99
5.78
8.89
4.08
9.94
4.37
5.19
10.12
4.05
9.00
4.19
5.22
10.70
4.05
7.77
5.48
4.63
11.11
4.22
6.57
7.42
4.43
10.79
4.22
5.69
9.06
4.13
9.97
4.34
5.25
10.18
4.13
8.86
4.37
5.07
10.76
4.08
7.89
5.75
4.63
10.82
4.11
6.30
7.80
4.13
10.59
4.19
5.51
9.35
4.13
9.56
4.49
5.10
10.44
4.02
8.56
4.49
5.22
10.88
4.34
7.24
6.66
4.55
10.94
4.19
6.04
8.12
4.25
10.38
4.31
5.22
9.71
3.99
9.50
4.22
5.19
10.62
4.28
8.01
5.01
5.04
10.94
4.25
6.80
6.89
4.55
10.82
4.37
5.87
8.48
4.22
10.18
4.31
5.40
9.97
3.99
9.21
4.40
5.16
10.76
4.02
8.12
5.28
4.99
10.76
4.22
6.57
7.27
4.28
10.97
4.28
5.84
8.86
4.11
10.15
4.28
5.19
10.21
3.99
9.03
4.25
5.25
10.67
4.22
7.60
5.95
4.63
11.06
4.19
6.45
7.51
4.19
10.82
4.25
5.60
9.12
4.05
9.97
4.31
5.31
10.23
4.16
8.80
4.57
5.13
11.00
4.25
7.60
6.13
4.66
11.03
4.22
6.19
7.89
4.31
10.53
4.25
5.63
9.35
4.19
9.38
4.40
5.10
10.70
4.05
8.48
4.75
5.25
10.91
4.19
6.95
6.57
4.40
11.03
4.25
6.10
8.09
4.19
10.44
4.46
5.43
9.79
4.19
9.44
4.25
5.40
10.70
4.16
8.12
5.28
4.84
10.97
4.13
6.86
7.04
4.43
10.94
4.28
5.78
8.59
4.05
10.29
4.28
5.31
10.09
4.22
9.03
4.37
5.28
10.70
4.19
7.83
5.72
4.99
10.82
4.13
6.63
7.39
4.37
10.82
4.31
5.84
9.24
4.13
10.03
4.34
5.31
10.38
4.05
8.97
4.43
5.25
10.88
4.31
7.77
6.13
4.66
11.03
4.22
6.39
7.89
4.40
10.79
4.28
5.60
9.62
3.96
9.77
4.25
5.25
10.53
4.25
8.65
4.78
5.22
10.91
4.05
7.21
6.45
4.69
10.97
4.40
5.98
8.18
4.22
10.35
4.28
5.48
9.82
4.05
9.47
4.28
5.28
10.67
4.08
8.45
5.07
5.16
10.94
4.25
6.98
7.10
4.55
10.88
4.40
6.01
8.48
4.37
10.23
4.46
5.25
10.15
3.96
9.33
4.31
5.37
10.79
4.34
8.04
5.72
4.78
10.94
4.28
6.60
7.36
4.46
11.09
4.22
5.69
9.30
4.16
10.09
4.28
5.51
10.15
4.22
9.00
4.46
5.19
10.94
4.22
7.74
6.01
4.84
10.85
4.46
6.42
7.65
4.28
10.91
4.22
5.54
9.47
4.16
9.91
4.34
5.25
10.41
4.19
8.89
4.43
5.45
10.88
4.16
7.74
6.19
4.69
11.00
4.25
6.33
7.86
4.37
10.59
4.40
5.63
9.65
3.99
9.74
4.40
5.31
10.65
4.31
8.62
4.84
5.22
11.17
4.22
7.33
6.63
4.57
11.00
4.25
6.16
8.06
4.25
10.44
4.31
5.48
9.91
4.25
9.44
4.43
5.25
10.73
4.11
8.27
5.22
5.04
10.94
4.43
6.72
7.18
4.49
11.11
4.31
5.92
8.65
4.16
10.26
4.31
5.40
10.12
4.28
9.24
4.43
5.43
10.82
4.22
8.01
5.60
5.01
11.11
4.28
6.83
7.18
4.55
10.88
4.19
5.92
9.03
4.05
10.15
4.43
5.34
10.41
4.19
9.03
4.57
5.43
10.85
4.16
7.74
6.10
4.87
11.17
4.46
6.42
7.92
4.34
10.85
4.34
5.54
9.50
4.11
9.88
4.34
5.40
10.53
4.05
8.91
4.60
5.19
10.97
4.40
7.57
6.39
4.52
11.06
4.16
6.36
7.83
4.37
10.62
4.34
5.63
9.47
4.16
9.53
4.46
5.40
10.73
4.31
8.62
4.90
5.19
11.23
4.19
7.18
6.69
4.46
11.09
4.34
6.13
8.36
4.08
10.53
4.25
5.57
9.85
4.28
9.50
4.40
5.25
10.73
4.22
8.56
4.96
5.16
11.00
4.37
6.98
7.01
4.49
11.14
4.34
6.01
8.33
4.28
10.41
4.37
5.63
9.85
4.16
9.50
4.25
5.48
10.56
4.28
8.15
5.13
5.16
11.09
4.28
7.01
6.92
4.66
11.06
4.16
6.16
8.18
4.34
10.47
4.28
5.57
9.91
4.28
9.21
4.49
5.25
11.00
4.11
8.45
5.34
5.04
10.94
4.31
6.74
7.01
4.52
11.09
4.16
6.16
8.42
4.34
10.32
4.40
5.48
10.09
4.28
9.21
4.46
5.40
10.85
4.34
7.95
5.60
5.16
11.09
4.25
6.92
7.13
4.49
11.11
4.25
5.98
8.53
4.22
10.21
4.43
5.48
10.12
4.37
9.15
4.37
5.31
10.76
4.28
8.04
5.51
5.22
11.03
4.46
6.69
7.16
4.55
11.17
4.37
5.84
9.00
4.25
10.15
4.25
5.48
10.26
4.22
9.33
4.55
5.31
10.76
4.37
8.06
5.69
4.99
11.06
4.31
6.83
7.42
4.31
11.03
4.46
5.87
8.97
4.31
10.23
4.49
5.48
10.12
4.16
9.33
4.60
5.31
10.85
4.34
7.98
5.72
4.93
11.17
4.60
6.92
7.24
4.46
11.06
4.28
6.04
8.86
4.28
10.41
4.37
5.28
10.21
4.31
9.27
4.31
5.40
10.79
4.37
8.09
5.63
4.90
11.14
4.43
6.86
7.33
4.43
11.00
4.40
5.98
9.21
4.31
10.44
4.52
5.48
10.18
4.08
9.15
4.31
5.45
11.11
4.31
8.09
5.81
4.93
11.06
4.37
6.80
7.45
4.40
10.88
4.25
5.87
9.15
4.34
10.09
4.52
5.57
10.32
4.22
8.97
4.60
5.16
10.94
4.49
8.06
5.89
4.96
11.09
4.34
6.83
7.39
4.57
11.17
4.37
5.98
9.33
4.19
10.15
4.40
5.66
10.32
4.43
8.91
4.57
5.25
11.06
4.25
8.09
6.01
5.04
11.23
4.49
6.54
7.48
4.49
11.11
4.43
5.95
9.09
4.25
10.15
4.49
5.54
10.38
4.19
9.18
4.49
5.22
11.03
4.40
7.80
6.04
4.93
11.09
4.25
6.83
7.48
4.28
11.11
4.43
5.81
9.41
4.08
10.03
4.34
5.57
10.50
4.22
9.03
4.69
5.34
10.82
4.31
7.80
6.10
4.99
11.26
4.37
6.57
7.92
4.55
10.97
4.57
5.69
9.50
4.31
9.82
4.31
5.43
10.59
4.37
9.00
4.66
5.37
10.94
4.28
7.98
6.28
4.81
11.35
4.49
6.57
7.98
4.43
10.85
4.37
5.75
9.56
4.37
10.00
4.49
5.31
10.47
4.28
8.91
4.60
5.25
11.09
4.31
7.83
6.36
5.04
11.20
4.60
6.39
7.86
4.55
10.97
4.37
5.78
9.44
4.49
9.94
4.69
5.34
10.56
4.28
8.83
4.66
5.48
11.03
4.28
7.80
6.25
4.84
11.26
4.40
6.69
7.92
4.52
10.91
4.37
5.81
9.65
4.31
9.82
4.34
5.31
10.70
4.34
8.86
4.72
5.37
11.14
4.34
7.57
6.33
4.69
11.17
4.49
6.54
8.24
4.43
10.73
4.55
5.66
9.79
4.37
9.88
4.55
5.40
10.76
4.25
8.68
4.78
5.25
11.17
4.43
7.51
6.57
4.69
11.23
4.37
6.36
8.09
4.66
10.70
4.57
5.66
9.71
4.25
9.77
4.52
5.45
10.62
4.28
8.65
4.78
5.43
10.97
4.28
7.65
6.60
4.75
11.03
4.46
6.45
7.98
4.40
10.73
4.31
5.81
9.74
4.28
9.79
4.43
5.22
10.67
4.16
8.68
4.72
5.43
11.14
4.43
7.54
6.45
4.78
11.00
4.37
6.33
8.04
4.37
10.82
4.57
5.57
9.68
4.28
9.91
4.52
5.40
10.62
4.34
8.94
4.84
5.45
11.23
4.25
7.62
6.51
4.90
11.26
4.52
6.39
7.92
4.37
10.70
4.43
5.72
9.82
4.25
9.88
4.60
5.31
10.59
4.46
8.83
4.96
5.45
11.17
4.31
7.39
6.51
4.69
11.29
4.37
6.48
8.24
4.40
10.79
4.46
5.51
9.88
4.25
9.50
4.34
5.31
10.85
4.55
8.53
5.19
5.37
11.26
4.40
7.45
6.86
4.75
11.17
4.46
6.13
8.24
4.43
10.47
4.52
5.75
9.97
4.43
9.68
4.63
5.51
10.85
4.40
8.68
4.99
5.40
11.00
4.34
7.16
6.60
4.72
11.11
4.55
6.51
8.18
4.49
10.59
4.46
5.66
9.97
4.34
9.85
4.66
5.37
10.67
4.31
8.53
4.99
5.43
11.29
4.25
7.30
6.57
4.72
11.11
4.66
6.25
8.15
4.28
10.62
4.63
5.81
9.68
4.13
9.53
4.60
5.25
10.82
4.34
8.80
5.07
5.37
11.14
4.46
7.36
6.95
4.75
11.09
4.57
6.25
8.27
4.52
10.62
4.57
5.69
9.88
4.16
9.44
4.57
5.51
10.76
4.49
8.62
5.22
5.34
11.32
4.49
7.30
6.92
4.90
11.11
4.43
6.16
8.33
4.34
10.82
4.52
5.72
10.00
4.31
9.68
4.52
5.28
10.88
4.52
8.39
5.31
5.45
11.17
4.52
7.39
7.07
4.75
11.26
4.37
6.13
8.15
4.49
10.59
4.69
5.69
9.82
4.37
9.77
4.49
5.34
10.62
4.57
8.80
4.99
5.31
11.11
4.46
7.33
6.72
5.04
11.32
4.49
6.25
8.21
4.31
10.76
4.52
5.63
9.74
4.25
9.85
4.52
5.57
10.67
4.49
8.89
4.75
5.51
11.20
4.40
7.74
6.66
4.72
11.17
4.49
6.51
8.15
4.52
10.91
4.57
5.75
9.94
4.19
9.88
4.57
5.60
10.62
4.46
8.94
4.75
5.51
11.00
4.49
7.95
6.28
5.04
11.17
4.57
6.72
7.92
4.63
11.00
4.60
5.78
9.47
4.57
9.97
4.69
5.63
10.56
4.40
9.18
4.55
5.63
11.09
4.52
8.04
6.25
5.07
11.20
4.40
6.86
7.54
4.72
11.06
4.49
5.81
9.21
4.40
10.26
4.55
5.48
10.35
4.55
9.30
4.57
5.63
11.20
4.40
8.15
5.81
5.10
11.26
4.46
6.89
7.65
4.49
11.23
4.55
6.07
8.97
4.52
10.59
4.57
5.51
10.29
4.22
9.33
4.46
5.51
11.00
4.60
8.36
5.57
5.16
11.20
4.49
7.10
7.13
4.78
11.20
4.46
6.22
8.65
4.57
10.62
4.60
5.63
10.03
4.19
9.68
4.66
5.40
10.85
4.31
8.74
5.07
5.40
11.26
4.63
7.36
6.83
4.78
11.29
4.57
6.42
8.21
4.40
10.91
4.43
5.69
9.97
4.28
9.79
4.57
5.48
10.76
4.49
8.89
4.96
5.48
11.35
4.37
7.89
6.51
4.93
11.23
4.72
6.69
8.09
4.57
11.06
4.40
5.98
9.71
4.46
10.03
4.43
5.60
10.65
4.43
9.06
4.55
5.72
11.14
4.31
7.92
6.22
5.22
11.20
4.55
6.98
7.74
4.66
11.14
4.63
5.98
9.27
4.40
10.47
4.72
5.84
10.41
4.37
9.38
4.46
5.40
11.20
4.55
8.42
5.69
5.22
11.41
4.43
7.04
7.27
4.75
11.26
4.55
6.28
8.59
4.60
10.53
4.69
5.54
10.03
4.46
9.62
4.49
5.54
10.94
4.34
8.62
5.22
5.37
11.41
4.43
7.30
6.92
4.93
11.35
4.46
6.33
8.33
4.55
10.94
4.55
5.87
9.91
4.43
9.88
4.69
5.31
10.62
4.46
8.89
5.01
5.57
11.26
4.60
7.71
6.36
5.07
11.20
4.49
6.69
7.98
4.66
11.06
4.78
5.95
9.82
4.31
10.09
4.63
5.57
10.59
4.28
9.09
4.75
5.40
11.26
4.31
8.04
6.30
5.10
11.38
4.55
6.83
7.83
4.43
11.35
4.66
5.87
9.27
4.34
10.50
4.66
5.78
10.41
4.46
9.38
4.69
5.48
11.06
4.40
8.30
5.75
5.31
11.32
4.43
7.04
7.33
4.84
11.32
4.57
6.28
8.59
4.57
10.56
4.57
5.72
10.09
4.57
9.56
4.52
5.43
11.09
4.37
8.59
5.60
5.45
11.20
4.52
7.24
7.27
4.84
11.23
4.43
6.22
8.42
4.49
10.73
4.60
5.87
10.03
4.43
9.79
4.57
5.40
10.94
4.66
8.74
5.22
5.34
11.20
4.52
7.36
6.98
5.04
11.26
4.37
6.33
8.24
4.46
10.79
4.60
5.75
9.79
4.34
9.74
4.72
5.57
10.85
4.40
8.86
5.07
5.43
11.17
4.60
7.62
6.83
4.96
11.50
4.52
6.45
8.36
4.63
10.91
4.43
5.63
10.00
4.43
9.85
4.63
5.34
10.65
4.46
8.83
4.96
5.54
11.32
4.52
7.74
6.63
4.84
11.23
4.55
6.63
8.36
4.63
11.11
4.55
5.78
9.82
4.52
9.88
4.81
5.51
10.82
4.57
8.97
4.69
5.63
11.29
4.43
7.77
6.60
4.84
11.26
4.60
6.66
8.09
4.60
11.11
4.72
5.84
9.74
4.46
10.18
4.46
5.54
10.59
4.55
8.94
4.90
5.51
11.26
4.49
7.86
6.57
4.99
11.20
4.57
6.54
8.21
4.63
10.73
4.63
5.87
9.97
4.34
9.79
4.69
5.48
10.91
4.40
9.03
4.84
5.43
11.26
4.60
7.62
6.63
4.93
11.35
4.63
6.54
8.24
4.72
10.79
4.66
5.89
10.00
4.43
10.00
4.63
5.54
10.67
4.57
8.80
4.87
5.63
11.35
4.40
7.92
6.54
5.22
11.32
4.72
6.77
8.04
4.46
11.26
4.52
5.92
9.56
4.43
10.06
4.57
5.54
10.88
4.49
9.21
4.84
5.78
11.17
4.60
7.83
6.54
4.96
11.38
4.52
6.83
8.01
4.72
11.09
4.75
5.87
9.91
4.37
10.06
4.66
5.66
10.82
4.52
9.15
4.81
5.51
11.09
4.57
7.89
6.28
5.25
11.32
4.57
6.66
8.18
4.46
11.20
4.46
6.04
9.65
4.60
10.15
4.69
5.57
10.65
4.55
9.15
4.69
5.81
11.20
4.55
7.98
6.48
5.01
11.29
4.55
6.74
8.04
4.55
11.03
4.63
6.04
9.71
4.46
10.15
4.81
5.63
10.73
4.57
9.18
4.99
5.57
11.03
4.49
8.30
6.25
5.01
11.20
4.75
6.69
7.92
4.75
11.26
4.57
5.87
9.59
4.60
10.26
4.52
5.48
10.79
4.43
9.33
4.75
5.75
11.11
4.52
8.06
6.28
5.16
11.38
4.63
6.98
7.48
4.75
11.38
4.60
5.98
9.03
4.49
10.62
4.78
5.66
10.47
4.49
9.41
4.63
5.66
11.11
4.60
8.36
5.72
5.43
11.26
4.46
7.16
7.13
4.84
11.47
4.52
6.51
8.65
4.60
10.79
4.57
5.78
10.26
4.49
9.85
4.55
5.57
10.85
4.75
8.77
5.28
5.51
11.52
4.63
7.57
7.04
4.99
11.17
4.69
6.42
8.48
4.49
10.94
4.57
5.92
10.00
4.49
9.94
4.60
5.48
10.76
4.57
8.91
4.96
5.57
11.20
4.66
7.54
6.69
4.93
11.32
4.43
6.63
8.12
4.72
11.09
4.63
5.89
9.88
4.46
10.09
4.66
5.72
10.59
4.52
9.12
4.90
5.57
11.00
4.49
8.39
6.04
5.10
11.17
4.69
7.07
7.60
4.72
11.23
4.69
6.16
8.97
4.52
10.73
4.60
5.87
10.23
4.52
9.74
4.72
5.48
11.00
4.46
8.77
5.37
5.54
11.17
4.60
7.48
6.86
4.96
11.26
4.66
6.66
8.27
4.60
10.97
4.63
5.87
9.79
4.66
9.97
4.60
5.45
10.62
4.46
9.18
4.96
5.63
11.20
4.43
7.95
6.33
5.07
11.41
4.66
6.89
7.89
4.78
11.06
4.75
6.10
9.53
4.34
10.35
4.69
5.63
10.47
4.60
9.35
4.75
5.69
11.20
4.69
8.36
5.98
5.37
11.44
4.78
7.07
7.39
4.72
11.29
4.57
6.45
8.53
4.46
10.70
4.84
5.78
10.00
4.37
9.85
4.55
5.66
11.03
4.75
8.80
5.13
5.57
11.41
4.43
7.57
6.92
4.99
11.47
4.63
6.51
8.33
4.55
11.03
4.57
6.07
9.85
4.49
10.06
4.63
5.57
10.73
4.55
9.18
4.81
5.72
11.20
4.52
8.18
6.33
5.16
11.55
4.55
6.77
8.09
4.78
11.06
4.72
6.16
9.74
4.66
10.18
4.78
5.51
10.70
4.31
9.24
4.78
5.60
11.11
4.57
8.15
6.19
5.34
11.47
4.78
6.98
7.62
4.66
11.44
4.60
6.28
9.18
4.63
10.38
4.78
5.72
10.47
4.52
9.41
4.72
5.72
11.09
4.55
8.45
5.92
5.19
11.38
4.55
7.13
7.30
4.81
11.44
4.57
6.30
8.77
4.60
10.79
4.75
5.69
10.29
4.72
9.53
4.84
5.54
11.17
4.63
8.45
5.69
5.25
11.44
4.60
7.18
7.30
5.01
11.35
4.72
6.57
8.56
4.60
10.91
4.66
5.92
10.23
4.63
9.65
4.81
5.78
10.97
4.66
8.56
5.43
5.51
11.47
4.57
7.57
7.04
4.90
11.32
4.63
6.51
8.42
4.55
11.03
4.69
5.89
10.09
4.52
9.82
4.78
5.72
10.85
4.66
8.83
5.13
5.51
11.47
4.60
7.89
6.66
4.99
11.44
4.60
6.63
8.36
4.60
11.11
4.81
5.87
9.85
4.46
10.09
4.81
5.57
10.76
4.49
9.09
4.84
5.75
11.23
4.69
8.09
6.60
5.04
11.41
4.60
6.72
7.95
4.78
11.20
4.78
6.04
9.77
4.46
10.21
4.57
5.63
10.85
4.52
9.35
4.78
5.75
11.11
4.69
8.12
6.42
5.19
11.44
4.75
6.77
8.09
4.55
11.41
4.90
6.13
9.53
4.63
10.50
4.75
5.72
10.56
4.72
9.38
4.78
5.72
11.14
4.43
8.39
5.87
5.34
11.41
4.57
7.10
7.51
4.81
11.26
4.49
6.28
9.09
4.72
10.41
4.55
5.81
10.35
4.49
9.79
4.69
5.75
11.06
4.57
8.48
5.63
5.48
11.55
4.57
7.13
7.45
4.93
11.26
4.72
6.25
8.91
4.63
10.76
4.78
5.66
10.12
4.37
9.59
4.84
5.72
11.17
4.57
8.48
5.54
5.57
11.29
4.66
7.42
7.39
4.84
11.38
4.69
6.33
8.71
4.72
10.76
4.75
5.95
10.09
4.40
9.74
4.78
5.57
10.97
4.52
8.80
5.37
5.48
11.47
4.57
7.57
7.10
4.96
11.23
4.69
6.48
8.45
4.63
10.91
4.57
5.92
10.15
4.60
9.71
4.72
5.63
11.03
4.55
9.00
5.07
5.69
11.35
4.66
7.62
6.95
5.01
11.41
4.75
6.57
8.48
4.60
10.85
4.81
5.95
10.00
4.43
9.85
4.75
5.60
10.91
4.66
8.97
5.04
5.78
11.38
4.66
7.77
6.80
5.01
11.23
4.49
6.60
8.42
4.81
10.91
4.66
6.16
9.85
4.46
10.18
4.66