-225.00
130.00
12.00
-198.00
171.00
0.00
-205.00
203.00
-20.00
-203.00
215.00
-25.00
-204.00
224.00
-32.00
-197.00
222.00
-30.00
-201.00
229.00
-35.00
-196.00
226.00
-35.00
-192.00
225.00
-41.00
-183.00
220.00
-44.00
-173.00
217.00
-56.00
-153.00
205.00
-62.00
-138.00
199.00
-76.00
-106.00
180.00
-87.00
-80.00
167.00
-108.00
-40.00
145.00
-125.00
1.00
124.00
-143.00
36.00
104.00
-157.00
77.00
76.00
-169.00
112.00
54.00
-178.00
141.00
33.00
-189.00
175.00
6.00
-194.00
194.00
-5.00
-204.00
213.00
-23.00
-197.00
220.00
-26.00
-200.00
227.00
-32.00
-197.00
227.00
-30.00
-199.00
229.00
-35.00
-190.00
222.00
-33.00
-189.00
225.00
-44.00
-177.00
218.00
-46.00
-166.00
214.00
-57.00
-146.00
202.00
-66.00
-128.00
195.00
-79.00
-101.00
179.00
-90.00
-71.00
162.00
-109.00
-36.00
144.00
-125.00
0.00
125.00
-145.00
45.00
98.00
-158.00
82.00
74.00
-172.00
122.00
45.00
-180.00
152.00
25.00
-191.00
181.00
3.00
-196.00
201.00
-12.00
-200.00
215.00
-22.00
-199.00
220.00
-25.00
-200.00
226.00
-31.00
-195.00
225.00
-29.00
-197.00
227.00
-34.00
-192.00
225.00
-34.00
-189.00
224.00
-42.00
-176.00
217.00
-44.00
-169.00
215.00
-56.00
-148.00
203.00
-65.00
-128.00
194.00
-79.00
-96.00
174.00
-94.00
-61.00
158.00
-115.00
-21.00
135.00
-130.00
13.00
119.00
-150.00
49.00
98.00
-160.00
86.00
72.00
-175.00
128.00
41.00
-179.00
155.00
21.00
-191.00
186.00
-2.00
-198.00
205.00
-14.00
-201.00
217.00
-24.00
-199.00
224.00
-27.00
-202.00
231.00
-32.00
-197.00
227.00
-30.00
-197.00
228.00
-34.00
-191.00
224.00
-37.00
-183.00
222.00
-45.00
-170.00
215.00
-52.00
-154.00
207.00
-66.00
-126.00
192.00
-75.00
-108.00
185.00
-95.00
-64.00
157.00
-108.00
-35.00
145.00
-129.00
11.00
117.00
-144.00
45.00
100.00
-160.00
83.00
73.00
-171.00
122.00
47.00
-183.00
158.00
18.00
-190.00
184.00
2.00
-200.00
206.00
-16.00
-197.00
214.00
-22.00
-202.00
226.00
-29.00
-197.00
225.00
-28.00
-199.00
229.00
-34.00
-192.00
225.00
-33.00
-189.00
225.00
-43.00
-176.00
217.00
-47.00
-163.00
212.00
-59.00
-139.00
197.00
-69.00
-117.00
188.00
-86.00
-80.00
166.00
-104.00
-42.00
149.00
-126.00
0.00
124.00
-142.00
43.00
100.00
-161.00
85.00
72.00
-172.00
126.00
43.00
-186.00
167.00
13.00
-193.00
192.00
-7.00
-201.00
214.00
-22.00
-199.00
221.00
-28.00
-199.00
228.00
-31.00
-198.00
229.00
-30.00
-197.00
228.00
-35.00
-188.00
223.00
-38.00
-181.00
221.00
-49.00
-164.00
211.00
-53.00
-149.00
206.00
-69.00
-120.00
188.00
-80.00
-93.00
176.00
-101.00
-51.00
152.00
-118.00
-12.00
131.00
-140.00
34.00
104.00
-154.00
72.00
83.00
-172.00
119.00
48.00
-180.00
154.00
22.00
-192.00
189.00
-3.00
-199.00
208.00
-16.00
-201.00
220.00
-26.00
-198.00
225.00
-28.00
-200.00
232.00
-31.00
-195.00
227.00
-31.00
-193.00
228.00
-37.00
-183.00
223.00
-41.00
-169.00
218.00
-53.00
-147.00
205.00
-60.00
-124.00
194.00
-77.00
-88.00
178.00
-100.00
-41.00
154.00
-118.00
-1.00
132.00
-138.00
48.00
105.00
-154.00
87.00
81.00
-165.00
128.00
52.00
-183.00
172.00
19.00
-188.00
197.00
-1.00
-197.00
219.00
-17.00
-194.00
226.00
-22.00
-195.00
234.00
-25.00
