0.251999
0.327999
0.387999
0.387999
0.387999
0.387999
0.387999
0.387999
0.387999
0.387999
0.387999
0.375999
0.340002
0.340002
0.340002
0.340002
0.340002
0.322002
0.322002
0.322002
0.322002
0.248001
0.229998
0.229998
0.303997
0.363998
0.363998
0.363998
0.363998
0.363998
0.363998
0.363998
0.363998
0.363998
0.351999
0.345999
0.345999
0.345999
0.345999
0.323997
0.323997
0.323997
0.323997
0.323997
0.305998
0.275999
0.246
0.274002
0.321999
0.321999
0.321999
0.321999
0.329998
0.329998
0.329998
0.329998
0.329998
0.329998
0.346001
0.346001
0.346001
0.346001
0.334002
0.334002
0.334002
0.397999
0.397999
0.397999
0.362
0.257998
0.27
0.306002
0.306002
0.306002
0.306002
0.306002
0.378
0.378
0.378
0.378
0.351999
0.351999
0.351999
0.351999
0.351999
0.325998
0.306
0.306
0.322001
0.322001
0.322001
0.303999
0.27
0.27
0.333998
0.333998
0.333998
0.333998
0.321999
0.374001
0.374001
0.374001
0.374001
0.358
0.358
0.358
0.358
0.358
0.316
0.285999
0.257999
0.309998
0.309998
0.309998
0.275999
0.269999
0.312002
0.334002
0.334002
0.334002
0.334002
0.334002
0.436003
0.436003
0.436003
0.436003
0.376001
0.376001
0.376001
0.376001
0.376001
0.35
0.274002
0.246
0.302
0.302
0.302
0.302
0.299999
0.383999
0.383999
0.383999
0.383999
0.383999
0.383999
0.345999
0.345999
0.345999
0.345999
0.303999
0.311996
0.311996
0.311996
0.311996
0.253998
0.253998
0.253998
0.375998
0.416
0.416
0.416
0.416
0.416
0.416
0.416
0.416
0.416
0.354
0.337999
0.337999
0.337999
0.337999
0.337999
0.327999
0.327999
0.327999
0.327999
0.316
0.298
0.23
0.273998
0.309999
0.309999
0.309999
0.309999
0.309999
0.444
0.444
0.444
0.444
0.382
0.382
0.382
0.382
0.382
0.362001
0.280003
0.280001
0.280001
0.322002
0.322002
0.322002
0.322002
0.346001
0.346001
0.346001
0.346001
0.346001
0.346001
0.369999
0.369999
0.369999
0.369999
0.364
0.364
0.364
0.364
0.364
0.364
0.306
0.227999
0.263996
0.363998
0.363998
0.363998
0.363998
0.364002
0.364002
0.364002
0.364002
0.364002
0.370001
0.346001
0.346001
0.346001
0.346001
0.346001
0.346001
0.346001
0.346001
0.346001
0.268
0.252001
0.252001
0.340002
0.346001
0.346001
0.346001
0.346001
0.346001
0.346001
0.346001
0.346001
0.346001
0.346001
0.340002
0.340002
0.340002
0.340002
0.334002
0.322001
0.322001
0.322001
0.322001
0.312002
0.306
0.294001
0.297998
0.351999
0.351999
0.351999
0.351999
0.375999
0.375999
0.375999
0.375999
0.375999
0.375999
0.362
0.362
0.362
0.362
0.317997
0.305998
0.235996
0.334
0.439999
0.439999
0.439999
0.439999
0.439999
0.439999
0.439999
0.439999
0.439999
0.385998
0.368
0.368
0.368
0.368
0.368
0.368
0.368
0.402
0.402
0.402
0.349998
0.252001
0.290001
0.34
0.34
0.34
0.34
0.34
0.364
0.364
0.364
0.364
0.334
0.334
0.351999
0.351999
0.351999
0.269999
0.269999
0.269999
0.356001
0.356001
0.356001
0.356001
0.304001
0.33
0.375999
0.375999
0.375999
0.375999
0.375999
0.375999
0.375999
0.375999
0.375999
0.336
0.334002
0.334002
0.334002
0.334002
0.332001
0.322001
0.24
0.323999
0.387999
0.387999
0.387999
0.387999
0.387999
0.387999
0.387999
0.387999
0.387999
0.381998
0.369999
0.369999
0.369999
0.369999
0.275999
0.264
0.264
0.34
0.370001
0.370001
0.370001
0.370001
0.388
0.388
0.388
0.388
0.388
0.388
0.357998
0.357998
0.357998
0.357998
0.364
0.364
0.364
0.364
0.364
0.364
0.282003
0.264
0.345999
0.375999
0.375999
0.375999
0.375999
0.375999
0.558001
0.558001
0.558001
0.558001
0.421999
0.421999
0.421999
0.421999
0.421999
0.403999
0.310001
0.233999
0.312
0.312
0.312
0.312
0.310001
0.358002
0.376001
0.376001
0.376001
0.376001
0.378002
0.378002
0.378002
0.378002
0.378002
0.378002
0.344002
0.344002
0.344002
0.344002
0.292
0.292
0.280001
0.362001
0.392
0.392
0.392
0.392
0.392
0.436001
0.436001
0.436001
0.436001
0.368
0.368
0.368
0.368
0.368
0.368
0.328001
0.257999
0.35
0.427999
0.427999
0.427999
0.427999
0.427999
0.427999
0.427999
0.427999
0.427999
0.441999
0.386
0.386
0.386
0.386
0.386
0.324001
0.324001
0.324001
0.34
0.300001
0.300001
0.300001
0.359999
0.381998
0.381998
0.381998
0.381998
0.381998
0.391998
0.391998
0.391998
0.391998
0.368
0.368
0.368
0.368
0.368
0.344
0.284
0.258001
0.314001
0.364
0.364
0.364
0.364
0.364
0.441999
0.441999
0.441999
0.441999
0.433998
0.433998
0.433998
0.433998
0.433998
0.421999
0.409998
0.299999
0.388
0.388
0.388
0.380003
0.380003
0.380003
0.380003
0.380003
0.380003
0.380003
0.378002
0.366001
0.366001
0.366001
0.366001
0.366001
0.318001
0.318001
0.318001
0.398001
0.346001
0.346001
0.346001
0.412001
0.412001
0.412001
0.412001
0.412001
0.412001
0.434002
0.434002
0.434002
0.434002
0.350002
0.350002
0.350002
0.352001
0.352001
0.352001
0.322001
0.269999
0.337999
0.386
0.386
0.386
0.386
0.386
0.396
0.396
0.396
0.396
0.369999
0.369999
0.369999
0.43
0.43
0.43
0.382002
0.293999
0.293999
0.394003
0.394003
0.394003
0.394003
0.392004
0.422001
0.422001
0.422001
0.422001
0.4
0.4
0.4
0.4
0.4
0.349998
0.349998
0.252001
0.43
0.434
0.434
0.434
0.434
0.434
0.470001
0.470001
0.470001
0.470001
0.382002
0.382002
0.382002
0.382002
0.382002
0.382002
0.346001
0.292
0.358
0.387999
0.387999
0.387999
0.387999
0.425999
0.425999
0.425999
0.425999
0.425999
0.425999
0.449999
0.449999
0.449999
0.449999
0.355999
0.355999
0.355999
0.452
0.452
0.452
0.418001
0.392
0.392
0.392
0.392
0.392
0.392
0.362
0.380001
0.380001
0.380001
0.380001
0.380001
0.380001
0.380001
0.458002
0.458002
0.458002
0.458
0.334002
0.352001
0.4
0.4
0.4
0.4
0.4
0.4
0.4
0.4
0.4
0.406
0.382
0.382
0.397999
0.397999
0.397999
0.334
0.288
0.402
0.402
0.402
0.402
0.402
0.427999
0.388
0.388
0.388
0.388
0.388
0.388
0.388
0.482002
0.482002
0.482002
0.428001
0.312002
0.490004
0.490004
0.490004
0.490004
0.400003
0.632002
0.560001
0.560001
0.643999
0.714001
0.889999
0.743999
0.68
1.028
1.028
1.174
1.066
0.879999
1.232
1.172
1.19
1.272
1.048
1.43
1.278
1.286
1.538
1.52
1.778
1.52
1.408
1.714
1.678
1.9
1.682
1.476
1.746
1.588
1.646
1.658
1.348
1.628
1.406
1.514
1.626
1.598
1.91
1.64
1.504
1.766
1.636
1.84
1.558
1.406
1.588
1.454
1.678
1.618
1.366
1.684
1.508
1.596
1.632
1.392
1.702
1.478
1.466
1.578
1.472
1.748
1.472
1.302
1.466
1.39
1.578
1.38
1.18
1.39
1.284
1.348
1.226
1.056
1.226
1.074
1.168
1.196
0.928
1.252
1.158
1.092
1.028
0.974
1.166
0.926
0.792
0.960001
0.929999
1.106
0.912
0.8
0.876
0.906
1.006
0.914
0.664
0.892
0.858
0.858
0.776
0.505999
0.712
0.612
0.582
0.546
0.474
0.714
0.59
0.59
0.504
0.492
0.574
0.422
0.364
0.324
0.3
0.344
0.298
0.298
0.298
0.298
0.298
0.298
0.176
0.204
0.346
0.346
0.346
0.346
0.346
0.346
0.346
0.346
0.346
0.294
0.334
0.334
0.334
0.334
0.298
0.298
0.302
0.302
0.302
0.276
0.314
0.314
0.314
0.314
0.18
0.18
0.18
0.268
0.358
0.358
0.358
0.358
0.358
0.458001
0.458001
0.458001
0.458001
0.282001
0.392
0.392
0.392
0.392
0.34
0.34
0.34
0.34
0.34
0.298
0.286
0.24
0.24
0.24
0.24
0.258
0.288
0.288
0.41
0.398
0.398
0.398
0.346
0.346
0.346
0.346
0.346
0.27
0.368
0.368
0.368
0.368
0.298
0.298
0.298
0.298
0.298
0.27
0.23
0.182
0.192
0.192
0.192
0.192
0.222
0.224
0.3
0.3
0.3
0.3
0.3
0.352
0.352
0.352
0.352
0.286
0.31
0.31
0.31
0.31
0.27
0.27
0.27
0.27
0.27
0.206
0.176
0.174
0.174
0.174
0.17
0.17
0.17
0.176
0.286
0.286
0.286
0.286
0.286
0.286
0.286
0.286
0.286
0.278
0.3
0.3
0.3
0.3
0.276
0.302
0.302
0.302
0.302
0.248
0.248
0.248
0.248
0.248
0.248
0.23
0.23
0.23
0.31
0.276
0.276
0.276
0.276
0.332
0.332
0.332
0.332
0.252
0.252
0.252
0.252
0.252
0.232
0.288
0.288
0.288
0.288
0.288
0.306
0.306
0.306
0.306
0.224
0.224
0.224
0.282
0.282
0.282
0.264
0.246
0.246
0.264
0.264
0.264
0.264
0.218
0.306
0.306
0.306
0.306
0.303999
0.358
0.358
0.358
0.358
0.252
0.252
0.252
0.252
0.252
0.246
0.228
0.18
0.18
0.18
0.18
0.164001
0.164001
0.218
0.258
0.258
0.258
0.258
0.258
0.328
0.328
0.328
0.328
0.3
0.3
0.3
0.3
0.3
0.24
0.3
0.3
0.3
0.3
0.27
0.27
0.27
0.27
0.27
0.206
0.16
0.16
0.16
0.16
0.16
0.17
0.24
0.228
0.286
0.286
0.286
0.286
0.302
0.302
0.302
0.302
0.302
0.302
0.24
0.24
0.24
0.24
0.226
0.272
0.284
0.284
0.284
0.24
0.24
0.24
0.24
0.24
0.2
0.2
0.176
0.282
0.282
0.282
0.264
0.266
0.266
0.366
0.366
0.366
0.366
0.264
0.264
0.264
0.264
0.264
0.23
0.303999
0.303999
0.303999
0.303999
0.258
0.258
0.258
0.258
0.258
0.21
0.21
0.186
0.186
0.186
0.186
0.168
0.168
0.192
0.23
0.23
0.23
0.23
0.236
0.280001
0.280001
0.280001
0.280001
0.280001
0.280001
0.280001
0.280001
0.280001
0.252001
0.3
0.3
0.3
0.3
0.3
0.3
0.3
0.3
0.3
0.224
0.188
0.188
0.212
0.212
0.212
0.206
0.136
0.175999
0.294
0.294
0.294
0.294
0.294
0.299999
0.299999
0.299999
0.299999
0.24
0.24
0.24
0.24
0.24
0.224
0.27
0.288
0.288
0.288
0.26
0.26
0.26
0.26
0.26
0.208
0.208
0.194
0.208
0.208
0.208
0.172
0.172
0.2
0.286
0.286
0.286
0.286
0.286
0.292
0.292
0.292
0.292
0.23
0.304
0.304
0.304
0.304
0.268
